3549410
1254571
6338957
1970857
975770
1064664
721566
4070685
835204
3587379
270846
1977557
4292109
2511955
6879829
3964697
809444
1366099
1932615
1442757
1164382
1703620
1178343
977239
1100231
1099335
3659602
908163
2056042
3742590
3183795
4339003
2586793
994336
630612
732008
867713
979688
714388
4888875
1060835
479029
4258313
792766
750967
4054185
2222097
6193497
4497997
3038241
2261900
399542
4139726
4289204
542026
720867
4986016
8200811
3393978
5892966
2512578
483471
389571
3904973
5129332
5028110
2856889
565693
-99503
-75671
-75
392779
5248510
4264822
3703394
3425572
948625
2775965
4487239
1209886
473614
533676
4771338
1043331
570511
840832
1535930
483195
931178
5558392
1793412
375558
1029191
3455446
1684040
886988
1446113
1821044
3055092
1602182
2685192
3496566
3634889
340830
929261
-13609
1709621
630902
4596997
5869220
3660327
4580299
653565
6215749
3917541
2133157
1611088
4288890
853784
2554022
949512
1242019
7291269
613088
842904
883599
3356897
1520979
1864626
1247845
2578108
843185
862942
4277544
1544913
602773
4474812
2857665
820598
3947786
831828
1057741
2501396
2128288
1287543
727866
261692
1015600
3396685
1045302
4881115
623999
1948464
5035848
3300916
1005446
788104
2647138
3126625
1109391
3316454
902578
4807060
6352955
1109938
1233940
766268
998343
2880585
3101288
670557
1763685
847222
1264317
562530
3730441
7393216
1160948
315873
3979827
2808412
622274
144942
950401
2714389
1337239
1426439
3842415
1574478
1324810
2135004
2655553
504257
1645298
3538086
2935762
1290506
590885
1149989
711030
999725
4703797
902235
4707917
5080683
2165871
2253505
750369
2557932
5060355
-1465305
1090093
1045467
957695
670147
753962
1517438
1096807
5452717
985748
5835280
5454724
6820775
1809877
3501907
5288736
744130
887834
1181294
1120110
2847234
1069095
4112661
1483972
1687971
2644391
993218
3759444
855010
722443
1180140
5601642
6075417
691211
1328830
516831
1710826
1463340
1236151
4348948
778558
3173274
1284975
1683597
3787686
1568733
3880377
914419
1073636
4361859
2462522
2398090
