-0.11000 0.02000 -0.36000 -0.11000 0.48000 -0.20000 0.27000 0.29000 -0.34000 -0.05000 0.23000 0.08000 -0.45000 0.25000
-0.30000 -0.37000 -0.18000 -0.09000 -0.16000 -0.16000 -0.10000 -0.09000 0.46000 0.32000 0.02000 0.31000 0.40000 -0.07000
0.50000 0.18000 0.41000 0.02800 0.17600 0.15000 -0.25000 -0.41000 -0.07000 -0.13000 -0.15000 -0.01000 -0.28000 -0.09000
0.00000 -0.11000 -0.06200 0.19000 0.00000 -0.07000 0.18000 0.18000 -0.23000 -0.16000 0.03000 -0.12000 -0.11000 0.23000
0.40000 -0.16000 0.31000 -0.34000 0.02000 0.21000 -0.70000 0.11000 0.08000 0.05000 -0.09000 0.07000 0.04000 -0.01000
0.39000 -0.18000 -0.09000 -0.04000 -0.25000 -0.69000 -0.64000 -0.38000 0.41000 0.33000 -0.62000 0.23000 0.92000 0.61000
0.50000 -0.24000 -0.16000 0.13000 0.04000 -0.01000 -0.11000 0.10000 -0.04000 -0.01000 -0.04000 -0.15000 0.05000 -0.11000
-0.52000 -0.48000 -0.73000 -0.42000 -0.40000 -0.01000 -0.34000 0.55000 0.35000 0.37000 -0.29000 0.63000 0.87000 0.28000
-0.87000 -0.17000 0.10000 -0.12000 0.00200 0.52000 -0.28000 0.50000 0.09000 -0.01000 0.08000 -0.15000 -0.16000 -0.16000
-1.39000 -0.57000 -0.16000 -0.02000 0.30000 0.41000 0.03000 0.50000 0.48000 0.51000 -0.11000 0.14000 -0.06000 -0.05000
0.15000 -0.58000 0.19000 0.02000 0.41000 0.11000 0.02000 0.08400 0.13000 0.13000 -0.22000 0.02000 -0.30000 -0.12000
-0.47000 -0.63000 0.00000 -0.29000 0.13000 0.43000 0.33000 0.33000 0.28000 0.31000 -0.08000 0.03000 -0.13000 -0.23000
-0.64000 -0.04000 -0.07000 -0.09000 -0.06000 0.11000 0.28000 -0.03000 0.09000 0.33000 0.33000 -0.09000 -0.04000 -0.07000
-0.36000 -0.53000 0.23000 0.81000 0.22000 -0.06000 0.02600 -0.22000 0.14000 0.20000 -0.16000 -0.10000 0.03000 -0.04000
0.94000 0.17000 0.12000 -0.01000 -0.58000 -0.48000 -0.41000 0.08000 0.00000 -0.35000 -0.20000 0.20000 0.15000 0.37000
0.42000 -0.23000 -0.10000 -0.11400 -0.10000 -0.08000 -0.01000 0.05000 -0.07000 -0.19000 0.02000 0.50000 0.00000 0.19000
0.47000 0.29000 0.03000 0.06000 -0.12000 -0.04000 -0.04000 0.03000 -0.27000 -0.21000 -0.03000 -0.25000 -0.01000 0.09000
-1.21000 -0.44000 -0.02000 0.51000 0.70000 0.47000 0.26000 0.41000 -0.02000 -0.05000 0.04000 -0.34000 -0.38000 0.07000
0.11000 -0.35000 0.05000 0.11000 0.52000 0.32000 0.43000 -0.12000 -0.12000 -0.25000 0.01000 -0.35000 -0.43000 0.07000
0.40000 -0.54000 -0.24000 -0.33000 -0.24000 -0.07000 -0.01000 0.13000 0.24000 0.06000 -0.24000 0.11800 0.46000 0.22000
-0.50000 -0.22200 0.24000 0.75000 0.66000 0.53000 0.44000 -0.05000 -0.12000 -0.03000 -0.06000 -0.55000 -0.60000 -0.48000
0.24000 -0.09000 0.90000 -0.09000 -0.04000 0.01000 0.13000 -0.04000 -0.21000 -0.03000 0.04000 -0.02000 -0.78000 -0.02000
0.24000 -0.07000 -0.15000 0.24000 0.04000 0.00000 0.23000 0.08000 -0.14000 -0.18000 -0.05000 -0.23000 -0.03000 0.03000
0.41000 -0.18000 0.24000 0.10000 0.50000 0.23000 0.07000 -0.24000 0.05000 -0.12000 -0.22000 -0.12000 -0.51000 -0.20000
0.10000 -0.05000 -0.18000 -0.27000 0.39000 0.59000 -0.29000 0.13000 -0.10000 0.03000 -0.07000 -0.24000 0.09000 -0.13000
-0.24000 -0.11000 -0.05000 -0.06000 0.38000 0.05000 0.41000 0.16000 0.06000 0.24000 0.00000 -0.30000 -0.39000 -0.15000
0.01000 -0.31000 -0.16000 0.12000 -0.02000 0.14800 -0.26000 -0.05000 0.00000 0.11000 0.19000 0.01000 -0.06000 0.04000
0.81000 0.08400 0.07000 -0.25000 -0.51000 -0.45000 -0.53000 -0.07000 0.13000 -0.15000 -0.03000 0.35000 0.15000 0.52000
0.13000 0.02000 0.04000 0.07000 0.37000 0.02000 0.02000 -0.02000 0.10000 -0.16000 -0.21000 -0.21000 -0.06000 -0.11000
-0.36000 0.14000 -0.14000 0.45000 0.69000 0.50000 -0.04000 -0.12000 -0.14000 -0.02000 0.20000 -0.02000 -1.34000 0.20000
0.23000 0.03000 -0.29000 0.11000 0.19000 0.17000 0.13000 0.12000 -0.16000 -0.10000 -0.02000 -0.21000 -0.15000 -0.06000
0.58000 0.33000 0.01000 -0.29000 -0.38000 -0.17000 0.17000 -0.05000 0.01000 -0.15000 0.07000 0.13000 -0.17000 -0.10000
0.62000 0.08000 -0.23000 0.07000 0.19600 -0.09800 0.04000 -0.01000 0.25000 -0.08000 -0.33000 0.30000 -0.64000 -0.13000
0.12000 -0.15000 -0.19000 0.09000 0.27000 0.35000 0.07000 -0.03000 -0.13000 -0.08000 0.19000 -0.27000 -0.15000 -0.08000
-0.41000 0.54000 0.36000 0.01000 -0.20000 0.05000 -0.06800 0.15000 -0.11000 0.01000 -0.31000 -0.12000 -0.04000 0.16000
0.72000 -0.21000 0.14000 -0.08000 -0.32000 -0.21000 -0.13000 0.03000 0.14000 -0.01000 -0.26000 0.02000 -0.24000 0.42000
-0.04000 -0.18000 -0.04000 -0.18000 0.11000 0.13000 0.12000 0.15000 0.05000 -0.01000 -0.01000 -0.04000 -0.05000 0.01000
0.38000 -0.25000 -0.05000 0.23000 -0.09000 0.87000 -0.05000 -0.25000 0.05000 0.30000 -0.48000 -0.30000 -0.01000 -0.35000
0.83000 0.10000 0.10000 -0.04000 -0.18000 -0.22000 -0.20000 0.21000 0.10000 -0.24000 -0.18000 -0.06000 -0.26000 0.07000
0.10200 -0.29000 -0.15000 0.01000 0.23000 -0.05000 0.28000 0.15000 0.13000 -0.15400 0.13000 -0.03000 -0.31000 -0.01000
-0.15000 0.16000 0.00000 -0.07000 -0.08000 -0.04000 -0.44000 -0.07000 0.00000 0.37000 -0.05000 0.13000 -0.02000 0.27000
-0.15000 -0.12000 -0.01000 -0.25000 -0.21000 -0.39000 -0.05000 0.08000 0.23000 0.10000 -0.05000 0.30000 0.43000 0.08000
0.04000 0.05000 -0.01000 0.24000 0.35000 -0.14000 0.07000 0.05000 -0.05000 -0.17000 -0.03000 -0.14000 0.00000 -0.03000
0.08000 0.30000 0.30000 -0.90000 -0.02000 0.00000 0.27000 -0.17000 0.00000 0.15000 0.11000 -0.06000 0.07000 -0.11000
1.86000 0.52000 -1.49000 0.53000 -0.96000 -0.65000 0.08000 -0.33000 -0.20000 -0.44000 -0.28000 0.45000 0.57000 0.34000
0.15000 -0.02000 0.04000 0.15400 0.35000 0.07000 0.13000 0.10000 -0.15000 -0.32000 0.06000 -0.20000 -0.51000 -0.18000
0.39200 0.11000 0.37000 0.66000 0.14000 0.16000 0.06000 -0.53000 -0.30000 -0.22000 -0.17000 -0.57000 -0.32000 0.17000
-0.20000 -0.26000 -0.32000 0.23000 -0.17000 -0.28000 0.14000 0.30000 0.00000 0.11000 0.17000 0.08000 0.02000 0.18000
-0.74000 -0.25000 -0.43000 -0.23000 0.01000 -0.08800 -0.17000 0.42000 0.22000 0.51000 -0.12000 0.33000 0.16000 0.47000
-0.27000 -0.14000 0.34000 0.41000 0.16000 0.05000 0.27000 -0.08000 0.28000 0.24000 0.03000 0.07000 -1.17000 -0.19000
-0.21000 -0.06000 -0.06200 0.35000 0.20000 0.15000 0.24000 -0.09000 -0.48000 -0.09400 0.13000 -0.43000 -0.06000 -0.04000
-0.19000 -0.03000 -0.43000 -0.31000 0.03000 0.19000 -0.11000 0.19000 0.14000 0.16000 0.10000 0.22000 -0.17000 0.12000
-0.15000 0.29000 -0.03000 0.04000 -0.01000 0.02000 -0.01000 -0.11000 -0.01000 -0.04000 -0.15000 0.04000 0.01000 0.13000
0.23000 -0.02000 0.01000 -0.32000 0.22000 0.01000 0.29000 0.09000 -0.19000 -0.23000 0.02400 -0.15000 -0.21000 0.01000
-0.77000 -0.45000 -0.04000 0.14000 0.55000 0.37000 0.36000 0.16000 -0.19000 0.14000 0.03000 -0.14000 -0.53000 0.37000
-0.88000 -0.53000 -0.22000 0.15000 0.53000 0.15000 0.15000 0.32000 0.27000 0.12000 -0.41000 0.14000 0.11000 0.11000
0.35000 -0.14000 -0.00200 -0.12000 -0.24000 -0.47000 -0.31000 0.06000 0.19000 0.06000 -0.26400 0.38000 0.29000 0.11000
0.35200 -0.37000 0.10000 -0.07000 -0.23000 -0.08000 -0.07000 0.05000 0.05000 -0.08000 -0.04000 -0.25000 0.12000 0.17000
1.81000 0.87000 0.05000 0.35000 -1.13000 -1.05000 0.74000 -0.52000 -0.66000 -1.13000 -0.57000 0.51000 0.37000 0.34000
0.60000 0.09000 -0.04000 0.03000 -0.21000 -0.49000 -0.18000 -0.31000 -0.01000 0.14000 0.08000 0.18000 -0.14000 0.27000
-0.94000 0.05000 0.08000 0.69000 0.65000 0.32000 0.06000 -0.34000 -0.05000 0.10000 -0.46000 -0.25000 -0.07000 0.15000
0.00000 -0.14000 -0.29000 0.19000 0.35000 0.06000 0.31000 0.15000 -0.06000 -0.43000 0.24000 -0.01000 -0.31000 -0.06000
0.36000 -0.01000 -0.03000 -0.10000 0.26000 0.28000 -0.17000 -0.15000 0.04000 -0.20000 0.06000 -0.15000 -0.15000 -0.03000
0.42000 0.07000 0.48000 0.36000 0.12000 -0.07000 0.02000 -0.04000 -0.38000 -0.53000 -0.10000 -0.24200 -0.13000 0.00000
0.10000 0.30000 -0.05000 -0.45000 -0.51000 -0.29000 0.00000 0.14000 0.12000 -0.17000 0.01000 0.29000 0.14000 0.37000
1.04000 0.54000 0.15000 -0.27000 -0.06000 -0.27000 -0.15000 -0.06000 -0.33000 -0.37000 0.07000 -0.17000 -0.05000 -0.05000
0.64000 -0.09000 0.05000 -0.25000 -0.17000 -0.02000 -0.07000 -0.10000 -0.19000 -0.04000 0.00000 0.00000 0.03000 0.22000
0.97000 0.33000 -0.07000 0.43000 -0.09000 -0.40000 -0.24000 -0.04000 -0.04000 -0.26000 -0.28000 -0.06000 -0.09400 -0.09000
0.24000 -0.14000 0.22000 0.24000 0.17000 -0.18000 -0.14000 -0.35000 -0.01000 -0.09000 -0.06000 0.04000 -0.08400 0.17000
0.91000 0.02000 0.09000 0.11000 -0.18000 -0.12000 -0.42000 -0.19000 -0.08000 -0.14000 0.03000 0.19000 -0.04000 -0.18000
0.00000 -0.32000 0.08000 0.32000 0.19000 -0.05000 0.08000 0.00000 -0.20000 0.05000 0.10000 -0.07000 -0.12000 -0.07000
-0.14000 0.10000 -0.32000 -0.25000 -0.31000 0.02000 0.17000 0.14000 0.05000 0.07000 0.17000 -0.06000 0.18000 0.18000
-0.52000 -0.10000 -0.12000 -0.14000 0.01000 -0.09000 0.28000 0.34000 0.19000 0.07000 0.16800 -0.09000 -0.11600 0.16000
0.38000 -0.07000 0.05000 0.32000 0.41000 -0.15000 0.01000 0.16000 -0.07000 -0.21000 -0.13000 -0.19000 -0.35000 -0.17000
0.55000 0.15000 0.17000 -0.20000 -0.43000 -0.47000 -0.13000 0.09000 0.01000 0.01000 -0.02600 -0.13000 0.05000 0.54000
0.87000 0.51000 0.05000 0.06000 -0.20000 -0.18000 -0.24000 -0.23000 -0.15000 -0.07000 -0.08800 -0.40000 -0.01000 0.03000
0.17000 -0.43000 -0.03000 0.05000 0.03000 0.45000 0.07000 0.19000 -0.12000 0.07000 0.02000 -0.08000 -0.25000 -0.14000
0.33000 -0.08000 -0.14000 -0.78000 -0.30000 0.06000 0.39000 0.08000 0.20000 -0.14000 0.33000 0.37000 -0.22000 -0.10000
-0.35000 -0.30000 0.07000 0.09000 0.01000 -0.51000 -0.15200 0.24000 0.14000 0.21000 -0.19000 0.24000 0.29000 0.14000
0.07000 -0.65000 0.07000 -0.17000 0.14000 0.30000 0.07000 0.01000 0.07000 0.05000 0.33000 -0.10000 -0.41000 0.23000
-0.78000 -0.09000 0.23000 0.17000 0.35000 0.40000 0.26000 0.19000 -0.13000 0.05000 0.05000 -0.48000 -0.67000 0.46000
0.31000 0.00000 0.31000 -0.16000 0.10000 -0.50000 -0.10000 -0.20000 0.31000 -0.10000 0.14000 -0.40000 0.39000 -0.10000
0.10000 -0.07000 0.25000 -0.13000 0.29000 0.18000 0.18000 -0.13000 -0.07000 -0.23000 0.41000 -0.69000 -0.40600 -0.11000
-0.38000 -0.07000 0.16000 -0.28000 0.02000 0.15000 0.26000 -0.06000 0.07400 0.02000 0.32000 -0.11000 -0.03000 0.24000
0.44000 0.24000 -0.06000 -0.32000 -0.16000 -0.08000 -0.09000 -0.08000 0.08000 -0.14000 0.19000 0.09000 -0.17000 0.08000
0.31000 0.00000 -0.08000 0.17000 0.09000 -0.17000 0.11000 0.14200 0.22000 0.06000 -0.11000 0.03000 -0.29000 -0.17000
0.02000 -0.30000 0.02000 -0.02000 0.33000 0.06000 0.23000 0.16000 0.23000 -0.28000 -0.02000 -0.13000 -0.16000 -0.13000
0.48000 -0.04000 -0.05000 0.39000 -0.17000 -0.17000 0.02000 -0.09000 -0.15000 -0.15000 0.08000 -0.15000 -0.07000 -0.03800
-0.52000 -0.05000 -0.01000 0.57000 0.49000 0.30000 0.36200 0.16000 -0.05000 -0.15000 0.05000 -0.12000 -0.42000 -0.44000
0.09000 0.42000 0.08000 0.42000 0.00000 -0.29000 0.08000 -0.08000 -0.31000 0.02000 0.27000 -0.27000 -0.39000 -0.06000
0.65000 0.21000 0.21000 0.12000 0.05000 -0.19000 0.02000 -0.11000 -0.11000 -0.30000 -0.11000 -0.37000 -0.07000 -0.01000
-0.46000 -0.26000 -0.30000 0.12000 0.12000 0.03000 0.13000 0.05000 0.04000 0.22000 -0.03000 0.22000 0.16000 0.11000
0.29000 0.36000 0.38000 -0.21000 -0.02000 0.16000 0.21000 -0.16000 -0.21000 -0.25000 0.28000 -0.29000 -0.41000 -0.12000
1.47000 0.30000 0.20000 -0.24000 -0.22000 0.02000 -0.06000 -0.37000 -0.04000 -0.32000 0.06000 -0.04000 -0.29000 -0.48000
0.59000 0.22000 0.01000 -0.33000 -0.18000 -0.29000 -0.06000 -0.02000 0.28000 -0.12000 -0.21000 0.06000 0.23000 -0.18000
-0.21000 -0.52000 -0.30000 0.08000 -0.03000 -0.36000 -0.20000 0.23000 0.17000 0.43000 0.04000 0.13000 0.10000 0.45000
-0.11000 -0.60000 0.63000 0.06000 0.13000 0.29000 0.20000 0.04000 -0.05000 0.11000 0.04000 -0.32000 -0.43000 0.01000
-0.16000 -0.01000 -0.07000 -0.05000 -0.09000 0.07000 0.23000 0.09000 -0.27000 0.12000 0.07000 0.04000 -0.16000 0.18000
0.36000 0.43000 0.00000 -0.35000 -0.02000 -0.25000 0.16000 0.07000 -0.53000 -0.14000 0.13000 -0.08000 0.13000 0.02200
0.58000 -0.04000 0.02000 0.51000 0.00800 0.12000 -0.25000 -0.08000 -0.02000 -0.29000 0.21000 -0.75000 -0.22000 0.11000
-0.27000 -0.08000 -0.21000 0.06000 -0.06000 0.06000 0.00000 0.15000 0.31000 0.03000 0.10000 0.00000 -0.15000 0.06000
0.35000 0.04000 -0.12000 0.21000 0.46000 0.15000 0.34000 -0.07000 -0.05000 -0.26000 -0.05000 -0.32000 -0.45000 -0.24000
0.64000 0.11000 0.11000 -0.01000 0.27000 0.02000 0.12200 0.01000 -0.09000 -0.17000 0.07000 -0.26000 -0.79000 0.08000
0.46000 0.02000 -0.23000 0.04000 -0.23000 -0.08000 -0.04000 0.09000 -0.12000 0.04000 0.16000 0.02000 -0.21000 0.07000
0.00000 -0.84000 -0.49000 -0.42000 -0.49000 -0.68000 -0.03000 0.39000 0.55000 0.56000 0.48000 0.57000 0.13000 0.29000
1.25000 -0.47000 0.09000 0.39000 0.37000 0.09000 1.09000 -0.39000 -0.16000 -0.39000 -0.20000 -0.33600 -0.86000 -0.33000
-0.73000 -0.83000 -0.31000 0.12000 0.70000 0.82000 0.51000 0.27000 0.12000 0.17000 0.34000 -0.29000 -0.73000 -0.18000
0.08000 -0.06000 0.04000 0.14000 0.19800 -0.22000 -0.06000 0.19000 0.02000 -0.22000 0.10000 0.10000 -0.22000 -0.06000
-0.27000 -0.05000 -0.03800 -0.17000 0.00000 -0.11000 -0.13000 -0.03000 0.22000 0.19000 -0.07000 0.14600 -0.03000 0.28000
-0.14000 -0.09000 -0.33000 -0.27000 0.29000 -0.01000 0.11000 0.18000 -0.06000 0.08000 0.24000 0.01000 -0.14000 0.11000
0.33000 -0.18000 -0.16000 -0.18000 0.05000 -0.43000 -0.22000 -0.28000 0.26000 0.26000 -0.26000 0.34000 0.30000 0.14000
0.71000 0.10000 0.04000 0.11000 -0.14000 -0.19000 -0.10000 -0.27000 -0.18000 -0.21000 -0.27000 0.10000 0.14000 0.15000
-1.00000 0.34000 0.24000 -0.20000 -0.25000 -0.09000 -0.16000 0.41000 0.19000 0.11000 0.08000 0.21000 -0.02000 0.13000
-0.06000 -0.18000 -0.28000 -0.41000 -0.30000 -0.19000 -0.54000 0.00000 0.22000 0.14000 0.37000 0.37000 0.28000 0.60000
1.43000 -0.12000 0.13000 0.13000 0.04000 0.01000 0.16000 -0.06000 -0.31000 -0.37000 -0.21000 -0.60000 -0.21000 -0.03000
0.85000 0.05000 0.37000 0.23000 -0.12000 -0.12000 -0.03000 -0.01000 -0.33000 -0.35000 -0.16000 -0.12000 -0.37000 0.14000
-0.27000 -0.18000 -0.06000 -0.02000 0.35000 0.13000 0.19000 0.04000 0.11000 -0.12000 0.02000 0.06000 -0.14000 -0.10000
0.10000 -0.30000 0.64000 0.28000 0.19000 -0.02000 0.06000 0.21000 -0.17000 -0.04000 -0.27000 -0.25000 -0.36000 -0.06000
-0.07000 0.06000 -0.22000 0.59000 -0.16000 -0.25000 0.08000 0.06600 0.00000 -0.08000 -0.31000 0.06000 0.28000 0.18000
-0.21000 1.23000 0.37000 0.16000 0.31000 0.19000 -0.01000 -0.26000 -0.23000 0.16000 -0.13000 -0.11000 -0.98000 -0.49000
1.27000 1.67000 0.45000 -0.67000 -0.70000 -0.73000 -0.57000 -0.45000 0.04000 -0.07000 -0.12000 0.23000 -0.09000 -0.26000
-1.28000 -0.21000 -0.13000 0.22000 -0.08000 0.23000 0.35000 0.08000 0.01000 0.37000 -0.18000 -0.01800 0.16000 0.30000
1.07000 0.21000 0.32000 0.47000 -0.07000 -0.03000 -0.14000 -0.25000 -0.52000 -0.52000 -0.01000 -0.04000 -0.37000 -0.12000
0.69000 0.03000 -0.09000 -0.32000 -0.74000 -1.08000 -0.62000 -0.05000 0.46000 0.07000 -0.18000 0.70000 0.76000 0.36000
-0.90000 -0.56000 -0.22000 -0.14000 -0.32000 0.01000 0.14000 0.41000 0.27000 0.45000 0.03000 0.21000 0.34000 0.28000
0.08000 -0.24000 -0.04000 0.16000 -0.03000 0.06000 0.11000 0.45000 0.13000 0.22000 -0.06000 -0.19200 -0.49000 -0.03000
0.28000 0.10600 0.16000 0.16000 -0.15000 0.00000 -0.22000 -0.04000 -0.22000 0.00000 -0.13000 0.05000 -0.05000 0.06000
-0.49000 -0.46000 0.01000 -0.70000 0.13000 0.05000 0.56000 0.49000 0.33000 0.10000 0.30000 0.22000 -0.28000 -0.26000
0.08000 0.01000 0.35000 0.22000 0.04000 -0.01000 -0.20000 0.01000 -0.18000 0.20000 -0.15000 -0.03000 -0.44000 0.10000
0.56000 0.05000 -0.02000 -0.26400 -0.09000 -0.67000 -0.41000 0.01000 0.27000 -0.04000 -0.37000 0.46000 0.36000 0.01000
1.87000 0.91000 0.81000 0.45000 -0.46000 -1.07000 -0.79000 -0.60000 -0.07000 -0.48000 -0.32000 -0.09000 0.37000 0.03000
1.97000 0.09000 0.00000 -0.28000 -0.84000 -0.68000 -0.53000 0.00000 -0.02000 -0.30000 -0.32000 0.29000 0.33000 0.29000
0.19000 -0.32000 -0.14000 -0.08000 0.26000 0.25000 -0.10000 0.11000 -0.03000 -0.16000 0.29000 -0.08000 -0.27000 0.08000
0.39000 -0.28000 -0.35000 0.01000 0.10000 -0.09000 0.10000 0.19000 -0.09000 0.14000 0.14000 -0.09000 -0.33000 0.16000
-0.39000 -0.35000 0.65000 -0.30000 -0.17000 -0.24000 -0.06000 0.10000 0.31000 0.30000 -0.09000 0.08000 0.13600 0.31000
-0.39000 -0.46000 -0.30000 0.03000 -0.04000 0.04000 0.15000 -0.08000 0.46000 0.29000 -0.26000 0.46000 -0.08000 0.17000
0.25000 0.02000 0.14000 -0.19000 0.02000 -0.27000 -0.25000 -0.05000 0.19400 0.02000 -0.09000 0.10000 0.22000 -0.13000
-0.40000 0.52000 -0.31000 -0.08000 0.03000 0.05000 -0.05000 -0.12000 0.14000 -0.12000 0.15000 0.03000 -0.14000 0.29000
0.57000 -0.24000 -0.03000 -0.12000 0.10000 0.15000 -0.01000 -0.08000 0.12000 -0.24000 -0.12000 -0.16000 -0.14000 0.21000
0.66000 0.38000 0.00000 0.14000 -0.34000 -0.34000 -1.04000 0.17000 0.20000 -0.21000 -0.37000 0.15000 0.38000 0.23000
0.22000 0.03000 0.09000 -0.17000 0.10000 0.07000 0.04000 -0.09000 0.03000 -0.31000 -0.04000 0.10000 -0.24000 0.17000
1.45000 -0.53000 -0.02000 -0.51000 -0.40000 -0.49000 -0.60000 0.03000 0.19000 -0.05000 -0.32000 0.42000 0.33000 0.48000
0.57000 0.06000 -0.16000 -0.20000 -0.08000 -0.20000 -0.46000 -0.06000 0.18000 -0.01000 -0.16000 0.09000 0.04000 -0.05200
0.58000 -0.07000 -0.47000 -0.02000 -0.05000 -0.21000 0.02000 -0.23000 -0.07000 -0.17000 1.59000 -0.17000 -0.14800 -0.13000
0.91600 -0.15000 -0.04000 -0.38000 -0.25000 -0.91000 -0.49000 0.01000 0.31000 -0.06000 -0.25000 0.47400 0.44000 0.46000
0.43000 -0.16000 0.11000 -0.11000 -0.32000 -0.21000 -0.14000 -0.13000 0.23000 0.06000 -0.24000 0.34000 0.32000 -0.18000
0.06000 0.30000 0.01000 0.14000 -0.11000 -0.16000 -0.02000 0.06000 -0.09000 0.09000 -0.25000 -0.14000 -0.03000 0.13000
0.24000 0.11000 -0.37000 0.25000 -0.60000 -0.58000 -0.62000 0.29000 0.32000 0.05000 -0.32000 0.17000 0.73000 0.31000
-0.28000 0.17200 0.01000 -0.02000 -0.15000 0.04000 -0.18000 0.29000 -0.10000 -0.18000 -0.10000 -0.17000 0.28000 0.14000
-0.02000 0.80000 -0.36000 -0.20000 -0.20000 -0.46000 -0.29000 0.10200 0.01800 -0.04000 0.01000 0.33000 -0.08000 0.50000
-0.39000 0.25000 0.05000 -0.47000 -0.47000 -0.47000 -0.35000 0.31000 0.20000 0.13800 0.18000 0.32000 0.22000 0.22000
0.90000 0.19000 0.37000 -0.06000 -0.48000 -0.48000 -0.21000 -0.16000 -0.16000 -0.35000 -0.24000 0.16000 0.30000 0.24000
0.12000 -0.02000 0.12000 -0.11000 -0.05000 -0.07000 -0.05000 -0.04000 0.00000 -0.17000 0.13000 0.10000 -0.05000 0.10000
0.37000 -0.42000 -0.15000 -0.27000 -0.05000 0.09800 0.22000 0.12000 0.19000 -0.08000 0.16000 0.09000 -0.29000 -0.03000
0.44000 0.27000 -0.03000 -0.43000 -0.18000 0.01000 0.22000 -0.10000 -0.20000 -0.26000 0.05000 0.00000 0.20000 0.12000
0.31000 0.31000 1.24000 -0.08000 -0.00800 -0.03000 -0.13000 -0.29000 -0.33000 -0.33000 0.02000 -0.29000 -0.37000 -0.08000
0.39000 -0.10000 -0.10000 -0.43000 0.18000 0.30000 -0.01000 -0.04200 0.08000 -0.12000 0.32000 -0.48000 -0.31000 0.03000
0.19000 -0.01000 0.24000 0.22000 0.34000 0.06000 0.31000 -0.19000 -0.06000 -0.26600 0.16000 -0.48000 -0.21000 -0.19000
-1.04000 -0.72000 -0.28000 -0.17000 0.45000 0.73000 0.60000 0.36000 0.18000 0.22000 0.28000 -0.17000 -0.60000 0.15000
0.67000 0.02000 -0.13000 -0.22000 -0.14000 -0.20000 -0.26000 -0.42000 0.10600 0.05000 -0.20000 0.47000 0.19000 0.25000
0.93000 -0.16000 -0.08000 -0.25000 -0.23000 -0.10000 -0.05000 0.01000 -0.07000 -0.37000 0.28000 0.26000 -0.16000 0.00000
1.15000 0.37000 0.46000 0.16000 -0.58000 -0.53000 -0.27000 -0.23000 0.00000 -0.38000 -0.14000 0.05000 -0.16000 0.12000
0.09000 -0.13600 0.51000 -0.15000 0.32000 0.34000 0.26000 -0.13000 -0.20000 -0.24000 0.32000 -0.34000 -0.59000 -0.17000
0.46200 0.10000 0.30000 0.07000 -0.22000 -0.20000 -0.13000 0.10000 0.02000 -0.20000 -0.09000 -0.20000 -0.01000 0.04000
0.67000 0.05000 -0.04000 -0.10000 0.14000 -0.10000 -0.14000 -0.16000 -0.16000 -0.02000 -0.12000 0.09000 -0.20000 0.07000
-0.77000 -0.29000 -0.31000 0.02200 0.03000 -0.17000 0.06000 0.27600 0.37000 0.42000 -0.12000 0.04000 -0.08000 0.40000
0.62000 0.01000 -0.08000 -0.29000 -0.10000 -0.41000 -0.46000 -0.02000 0.28000 0.16000 -0.36000 0.36000 0.34000 -0.04000
0.38000 0.08000 0.04000 -0.01000 0.10000 -0.38000 0.21000 -0.03000 0.05000 0.10000 -0.06400 0.08000 -0.38000 -0.01000
-0.91000 -0.11000 -0.06000 0.23000 0.32600 0.22000 0.31000 0.37000 0.17000 0.14000 -0.06000 -0.09000 -0.22000 -0.37000
0.84000 -0.35000 -0.10000 -0.37000 -0.48000 -0.46000 -0.13000 0.43000 0.38000 -0.12000 -0.13000 0.26000 0.22000 0.00000
-0.02000 -0.04000 0.00000 0.10000 0.08000 -0.31000 -0.15000 -0.04000 0.16000 -0.06000 -0.24000 0.21000 0.12000 0.19000
-0.83000 0.04000 0.10000 -0.18000 -1.10000 -0.51000 0.11000 0.51000 0.46000 0.29000 -0.02000 0.61000 0.16000 0.36000
0.09000 -0.19000 -0.15000 -0.03000 -0.07000 -0.09000 0.04000 -0.01000 0.09000 0.18000 0.23000 -0.40000 -0.13000 0.21000
0.24000 -0.18000 -0.28000 -0.11000 -0.89000 -0.60000 -0.47000 0.18000 0.17000 0.11000 -0.04000 0.47000 0.79000 0.60000
0.27000 -0.29000 -0.25000 0.38000 0.08000 0.35000 -0.11000 0.24000 0.24000 0.21000 0.06000 -0.79000 -0.31000 -0.06000
-0.33000 0.44000 -0.08000 0.12800 -0.16000 -0.02000 -0.23000 0.15000 -0.13000 0.21000 0.15000 0.07000 -0.37000 0.39000
-0.06000 -0.06000 0.22000 0.01000 0.36000 0.21000 0.12000 0.14000 0.07000 -0.10000 -0.20000 -0.10000 -0.13000 -0.49000
-0.36000 -0.83000 -0.51000 -0.06000 0.08000 0.31000 0.06000 -0.12000 0.51000 0.49000 0.17000 0.28000 -0.05000 0.06200
0.51000 -0.05000 -0.30000 -0.09000 0.00600 -0.07000 -0.05000 0.15000 0.24000 -0.07000 0.10200 -0.01000 -0.26000 0.01000
0.03000 0.05000 0.03000 -0.05000 0.19000 -0.30000 -0.05000 -0.05000 0.28000 -0.01000 -0.07000 0.15000 -0.13000 -0.09000
-0.75000 -0.32000 -0.16000 0.22000 0.16000 0.09000 -0.02000 0.30000 0.09000 0.25000 -0.18000 0.02000 0.10000 0.19000
-0.40000 0.35000 0.02000 0.34000 -0.30000 -0.15000 0.00000 0.12000 -0.01000 0.20000 -0.26000 0.04000 -0.07000 0.12000
0.13000 -0.06000 0.07000 0.61000 0.28000 0.09000 0.01000 -0.27000 0.40000 0.01000 -0.27000 -0.41000 -0.38000 -0.14200
0.61000 0.01000 0.17000 0.53000 0.01000 -0.10000 -0.02000 -0.18000 -0.01000 -0.22000 -0.08000 -0.49000 -0.10000 -0.07000
0.08000 -0.50000 -0.26000 -0.38000 -0.50000 -0.14000 -0.07000 0.28000 0.48000 0.10000 0.10000 0.43000 0.10000 0.28000
0.10000 0.25000 0.16000 -0.04000 0.10000 -0.06000 0.28000 -0.06000 -0.09000 -0.59000 0.13000 0.05000 -0.25000 0.02000
-0.21000 -0.14000 -0.63000 -0.60000 -0.15800 -0.04000 -0.06000 0.42000 0.62000 0.46000 0.00000 0.43000 0.23000 0.02000
-0.62000 0.24000 0.44000 0.02000 -0.36000 -0.22000 -0.38000 0.18400 0.02000 0.12000 0.34000 0.22000 -0.01000 0.08000
0.33000 -0.33000 -0.15000 -0.08000 -0.15000 -0.08000 0.06000 0.19000 -0.01000 -0.01000 -0.10000 0.12000 0.18000 0.13000
0.35000 0.01000 0.11000 0.32000 0.03000 0.03000 0.09000 -0.03000 -0.31000 -0.35000 0.18000 -0.32000 -0.01000 -0.27000
-0.79000 -0.54000 0.05000 0.54000 0.68000 0.51000 0.54000 0.29000 -0.25000 -0.17000 0.00000 -0.07000 -0.50000 -0.29000
-0.54000 -0.08000 -0.11000 0.74000 0.26000 0.19800 0.39000 0.02000 0.07000 0.09000 -0.28000 -0.11000 -0.26000 -0.28000
0.24000 -0.21000 -0.09000 -0.29000 0.25000 0.08000 0.13000 -0.13000 0.18000 0.02000 0.10000 -0.09000 -0.23000 0.05000
1.94000 0.67000 0.71000 0.01000 -0.99000 -0.95000 -0.95000 -0.32000 0.35000 -0.49000 -0.78000 0.41000 0.33000 0.06000
0.36000 -0.28000 -0.02000 0.37000 0.26000 -0.02000 0.31000 0.12000 -0.41000 -0.11000 -0.08000 -0.08000 -0.32000 -0.10000
0.88000 0.23000 0.53000 0.54000 -0.97000 -1.21000 -0.95000 -0.54000 0.39000 -0.65000 -1.18000 0.56000 1.51000 0.87000
-0.27000 -0.11000 -0.20000 -0.41000 -0.11000 -0.15000 -0.09000 0.03000 0.30000 0.36000 0.16000 0.30000 0.20000 -0.01000
-0.05000 -0.19000 -0.33000 -0.44000 -0.15000 -0.23000 -0.01000 0.28000 0.33000 0.28000 0.07000 0.16000 0.13000 0.15000
0.60000 -0.02000 -0.09000 0.49000 0.31000 -0.02000 0.05000 -0.31000 -0.15000 -0.53000 0.16000 -0.56000 0.41000 -0.34000
-0.37000 -0.30000 0.61000 -0.06000 -0.25000 -0.32000 -0.50000 0.17000 0.06000 0.37000 0.00000 0.21000 0.20000 0.17000
1.11000 -0.13000 -0.16000 0.12000 0.15000 -0.22000 -0.02000 -0.15000 -0.20000 -0.40000 -0.06000 -0.01000 -0.10200 0.15000
-0.06000 0.06000 -0.56000 0.02000 -0.01000 0.08000 -0.05000 0.02000 -0.01000 0.26000 0.24000 0.18000 -0.16000 0.20000
0.08000 0.06000 0.05000 -0.03000 -0.27000 -0.23000 -0.14000 0.15000 -0.03000 -0.08000 0.14000 -0.05000 -0.02000 0.38000
-0.43000 0.17000 -0.91000 0.38000 -0.16000 -0.01000 0.00000 0.31000 0.19000 0.33000 -0.22000 0.30000 -0.16000 0.20000
-1.07000 -0.39000 -0.48000 -0.27000 -0.13000 0.48000 0.28000 0.45000 0.16000 0.19000 0.17000 0.48000 0.04000 0.10000
0.13400 -0.09000 0.29000 -0.01000 -0.18000 -0.23000 0.22000 0.03000 -0.06000 0.15000 -0.15000 -0.04000 -0.21000 0.24000
-0.03000 -0.27000 -0.12000 0.32000 0.41000 -0.19000 0.13000 -0.10000 -0.38000 -0.03000 0.25000 0.04000 -0.25000 0.19000
-0.64000 -0.02000 -0.20000 0.14000 0.18000 -0.01000 0.08000 0.27000 0.06000 0.42000 -0.04000 0.03200 -0.03400 0.14000
-0.60800 -0.17000 -0.06000 0.62000 0.95000 0.76000 0.28000 0.08000 -0.01000 0.57000 -0.38000 -0.64000 -0.33000 -0.29000
0.40000 -0.43000 -0.47000 0.03000 0.10000 0.26000 -0.14000 0.03000 0.19000 0.13000 -0.09000 -0.16000 0.07000 0.06000
-0.29000 -0.04200 0.09000 0.29000 0.39000 -0.01000 -0.23000 -0.09000 -0.05000 0.11000 -0.07000 -0.07000 -0.01000 0.02000
0.76000 0.16000 -0.14000 -0.40000 -0.03000 -0.29000 -0.11000 -0.01000 0.03000 -0.09000 -0.34000 0.12000 0.32000 0.02000
0.32000 0.03000 -0.21000 0.21000 0.62000 0.17000 -0.21000 -0.15000 -0.40000 -0.33000 0.21000 -0.01000 -0.21800 0.19000
-0.80000 -0.22000 -0.67000 0.21000 0.35000 0.34000 0.24000 0.56000 0.18000 0.19000 -0.09000 -0.09000 -0.17000 -0.03000
0.32000 -0.34800 -0.35000 -0.67000 -1.07000 -1.00000 -0.73000 0.04000 0.54000 0.42000 0.40000 0.66000 0.42000 0.14000
1.13000 0.10000 -0.13000 -0.51000 -0.13000 -0.36000 -0.43000 -0.22000 0.25000 -0.22000 -0.24000 0.52000 0.17000 0.05000
1.07000 0.00000 -0.07000 -0.35000 -0.26000 -0.39000 -0.53000 -0.01000 0.09000 -0.17000 -0.45000 0.44000 0.50000 0.11000
0.88000 -0.18000 -0.18000 -0.18000 0.03000 -0.14000 0.01000 -0.28000 0.05000 -0.01000 -0.00400 0.11000 -0.18000 0.18000
0.38000 -0.29000 -0.10000 0.13000 0.16200 0.19000 -0.18000 -0.14000 0.02000 0.01000 0.13000 -0.05000 -0.27000 -0.12000
0.32400 -0.17000 -0.33000 0.13000 0.13000 -0.10000 -0.01000 -0.08000 -0.06000 -0.06000 -0.06000 -0.01000 0.04000 -0.12000
0.38000 0.26000 -0.09000 -0.03000 0.14000 0.18000 0.07000 0.03000 -0.14000 -0.06000 -0.01000 -0.33000 -0.27000 -0.15000
0.14000 0.29000 0.03000 0.28000 -0.40000 -0.57000 -0.34000 0.03000 0.23000 -0.42000 -0.15600 0.47000 0.44000 0.31000
1.06000 0.11000 0.47000 -0.43000 -0.55000 0.19000 0.14000 0.12000 -0.17000 -0.38000 -0.03000 0.02000 -0.31000 -0.23000
-0.79000 0.21000 0.20000 0.25000 0.03000 0.37000 0.06000 0.27000 -0.13000 0.12000 -0.03000 -0.13000 -0.51000 0.08000
1.19000 0.17000 0.01000 0.32000 0.18000 -0.52000 -0.25000 -0.06000 -0.18000 -0.22000 0.02000 -0.09000 -0.33000 -0.24000
-0.95000 -0.07600 0.08000 0.13000 0.30000 0.18400 -0.07000 0.33000 0.26000 0.22000 0.11000 -0.07000 -0.32000 -0.28000
0.26000 0.17000 -0.08000 0.29000 0.17000 0.27000 0.07000 0.00000 -0.14000 -0.05000 -0.16000 -0.25000 -0.19000 -0.37000
0.40000 -0.25000 -0.47000 -0.40000 -0.54000 -0.54000 -0.40000 0.05000 0.66000 0.29000 -0.27000 0.78000 0.32000 0.36000
0.10000 1.34000 -0.01000 -0.21000 -0.19000 0.15000 -0.14000 0.04000 -0.10000 -0.05000 0.04400 -0.14800 -0.27000 -0.19000
0.58000 -0.19000 -0.32000 0.15000 0.15000 -0.14000 0.29000 -0.14000 0.54000 -0.14000 -0.16000 -0.23000 -0.50000 0.13000
0.64000 0.17000 0.30000 0.20000 0.10000 0.10000 0.19000 -0.28000 -0.43000 -0.43000 0.09000 -0.13000 -0.54000 0.03000
-1.06000 -0.27000 -0.10000 -0.07000 -0.33000 -0.51000 -0.34000 0.51000 0.29000 0.36000 0.11000 0.51000 0.51000 0.41000
0.19000 -0.27000 -0.43000 -0.12000 -0.07000 0.21000 -0.01000 0.24000 0.04000 0.01000 -0.16000 -0.09000 0.34000 0.11000
0.38000 0.10000 0.22000 0.08000 0.13000 0.30000 -0.12000 0.06000 -0.16000 -0.08400 -0.19000 -0.10000 -0.38000 -0.08000
-0.06000 -0.06000 0.12000 0.34000 0.07000 -0.06000 -0.12000 0.08000 -0.07000 0.04000 -0.10000 -0.16000 -0.16000 0.14000
0.12000 -0.18000 -0.08000 -0.18000 0.10000 0.08000 0.15000 0.15000 0.05000 -0.31000 0.01000 0.01000 0.03000 0.03000
-0.03000 0.36000 -0.04000 0.41000 0.15000 0.04000 -0.41000 0.19000 -0.45000 -0.01000 0.06000 -0.08000 -0.26000 0.07000
-0.45000 -0.31000 -0.26000 -0.74000 -0.06000 0.09000 -0.37000 0.38000 0.35000 0.45000 0.13000 0.27000 0.31000 0.19000
0.12000 -0.27000 0.03000 0.36000 1.09000 0.41000 0.15000 0.01000 -0.22000 -0.01000 -0.09000 -0.55000 -0.55000 -0.49000
1.31000 0.05000 -0.17000 0.23000 -0.25000 -0.76000 -0.06000 -0.22000 0.36000 -0.17000 -0.46000 -0.06000 0.21000 -0.01000
0.34000 0.03000 -0.12000 -0.03000 0.33000 -0.23000 -0.08000 0.20000 -0.08000 0.08000 -0.12000 -0.14000 0.12000 -0.30000
-0.03000 -0.03000 -0.22000 0.06000 -0.03000 -0.31000 0.01000 0.22000 0.46000 0.24000 -0.42000 0.21000 -0.26000 0.10000
